{
 "cells": [
  {
   "cell_type": "code",
   "execution_count": 52,
   "metadata": {},
   "outputs": [],
   "source": [
    "from dtaidistance import dtw\n",
    "import numpy as np\n",
    "d = []\n",
    "with open('data_first.txt') as fin:\n",
    "    for line in fin.readlines():\n",
    "        d.append(line.strip())\n",
    "l = len(d)\n",
    "for j in range(l):\n",
    "    d[j] = d[j].split(',')\n",
    "    for i in range(len(d[j])):\n",
    "        d[j][i] = float(d[j][i])\n",
    "D = np.zeros((l,l))\n",
    "for i in range(l):\n",
    "    for j in range(l):\n",
    "        D[i][j] = dtw.distance(d[i],d[j])\n"
   ]
  },
  {
   "cell_type": "code",
   "execution_count": 53,
   "metadata": {},
   "outputs": [
    {
     "data": {
      "text/plain": [
       "False"
      ]
     },
     "execution_count": 53,
     "metadata": {},
     "output_type": "execute_result"
    }
   ],
   "source": [
    "def is_pos_def(x): return np.all(np.linalg.eigvals(x) > 0)\n",
    "is_pos_def(D)"
   ]
  },
  {
   "cell_type": "code",
   "execution_count": 54,
   "metadata": {},
   "outputs": [
    {
     "data": {
      "text/plain": [
       "array([[ 0.        , 11.23218446,  8.94197594, 11.02673337,  8.53324786,\n",
       "         8.88328518,  9.23990766,  8.89686167,  8.37666549,  9.71616879,\n",
       "         9.67595845,  9.62719338, 10.10045977,  7.71443943, 11.64639093,\n",
       "         8.1194211 ,  9.30236576,  9.74328036, 10.71762098,  9.26204012,\n",
       "        11.34941815,  8.73914535,  8.75253794,  8.89418124],\n",
       "       [11.23218446,  0.        , 10.72680317,  9.58840883, 11.64399985,\n",
       "         9.7914637 ,  9.85484657,  9.29775275, 10.2557855 ,  8.66237559,\n",
       "        10.51608193,  3.3966827 , 10.22142299, 10.22816084, 13.07641214,\n",
       "        11.21862156,  9.33241963,  9.00406153, 12.85532126, 10.18733826,\n",
       "        10.74676148, 10.05506824, 11.42235985, 10.43565287],\n",
       "       [ 8.94197594, 10.72680317,  0.        ,  7.82868648,  8.61542081,\n",
       "         7.34322513,  8.22252534,  7.33715967,  6.95834858,  7.25879629,\n",
       "         7.94437381, 10.74764265,  7.59958303,  7.72642046, 11.33337702,\n",
       "         8.70955952,  8.68586284,  9.27632984,  9.4719962 ,  6.20006021,\n",
       "         9.14814332,  6.99398773,  8.22431199,  6.19096702],\n",
       "       [11.02673337,  9.58840883,  7.82868648,  0.        , 10.9525375 ,\n",
       "         7.38992897,  7.44703107,  7.22290512,  5.68119142,  7.36384818,\n",
       "         6.51349282, 10.36104147,  6.53156023,  8.07604183, 11.23854838,\n",
       "        10.32466484,  8.51370913, 10.17000021, 11.90366492,  5.63491752,\n",
       "        10.23578967,  6.42174345,  9.96884366,  5.76921856],\n",
       "       [ 8.53324786, 11.64399985,  8.61542081, 10.9525375 ,  0.        ,\n",
       "         8.86610054,  9.53410549,  8.92881032, 10.09426637,  9.24912894,\n",
       "         9.93960192, 10.84410282,  9.98731195,  8.13789817, 10.23083145,\n",
       "         4.46184908, 10.52116009, 11.03516898,  8.85082804,  9.38703606,\n",
       "        10.40451091,  8.89268768,  4.66447876,  8.79028576],\n",
       "       [ 8.88328518,  9.7914637 ,  7.34322513,  7.38992897,  8.86610054,\n",
       "         0.        ,  3.28092229,  3.65155393,  7.16252553,  7.39701309,\n",
       "         3.52061137,  8.81035366,  7.01292634,  6.44299207, 10.93486919,\n",
       "         8.18977914,  6.21341788,  8.04851057, 11.0926987 ,  6.25775735,\n",
       "         6.55640942,  6.93138083,  8.54032946,  5.61565806],\n",
       "       [ 9.23990766,  9.85484657,  8.22252534,  7.44703107,  9.53410549,\n",
       "         3.28092229,  0.        ,  4.1780341 ,  6.9788165 ,  8.36689167,\n",
       "         4.0145203 ,  8.82680954,  7.28175096,  6.93109213, 10.54164796,\n",
       "         8.86352392,  6.68939342,  8.67502814, 11.01899903,  6.75778288,\n",
       "         6.48556085,  7.48243271,  9.07136008,  6.06353653],\n",
       "       [ 8.89686167,  9.29775275,  7.33715967,  7.22290512,  8.92881032,\n",
       "         3.65155393,  4.1780341 ,  0.        ,  7.50242681,  7.3296089 ,\n",
       "         4.35001554,  8.49243545,  7.40182643,  7.01561644, 11.04957628,\n",
       "         8.71175546,  5.53380784,  8.13550354, 11.37914158,  6.54620624,\n",
       "         6.61271374,  7.01315765,  8.65004754,  6.40411831],\n",
       "       [ 8.37666549, 10.2557855 ,  6.95834858,  5.68119142, 10.09426637,\n",
       "         7.16252553,  6.9788165 ,  7.50242681,  0.        ,  7.98053933,\n",
       "         6.63580127,  9.47807824,  6.78642074,  6.83878899, 11.97972953,\n",
       "         9.2761701 ,  8.98333223,  9.78557186, 11.15551472,  6.02376376,\n",
       "        10.53093686,  5.57871013,  9.47213293,  5.58449484],\n",
       "       [ 9.71616879,  8.66237559,  7.25879629,  7.36384818,  9.24912894,\n",
       "         7.39701309,  8.36689167,  7.3296089 ,  7.98053933,  0.        ,\n",
       "         7.15910901,  9.14591274,  6.40053324,  7.39990468, 11.8575322 ,\n",
       "         9.31338005,  8.4542697 ,  8.09904291,  9.76502526,  5.86530348,\n",
       "         9.53332717,  5.87166581,  9.37785719,  6.72709592],\n",
       "       [ 9.67595845, 10.51608193,  7.94437381,  6.51349282,  9.93960192,\n",
       "         3.52061137,  4.0145203 ,  4.35001554,  6.63580127,  7.15910901,\n",
       "         0.        ,  9.64349868,  6.46938477,  6.9435548 , 11.12802976,\n",
       "         9.25283637,  7.25367671,  8.51503298, 11.23199348,  5.61295158,\n",
       "         6.94919868,  6.67290588,  9.38404424,  5.42927257],\n",
       "       [ 9.62719338,  3.3966827 , 10.74764265, 10.36104147, 10.84410282,\n",
       "         8.81035366,  8.82680954,  8.49243545,  9.47807824,  9.14591274,\n",
       "         9.64349868,  0.        , 10.06841716, 10.15455569, 12.37694887,\n",
       "        10.64270356,  8.2821814 ,  9.23216915, 12.69127338, 10.93148624,\n",
       "        10.21558311, 10.85956373, 10.58972552, 10.42650915],\n",
       "       [10.10045977, 10.22142299,  7.59958303,  6.53156023,  9.98731195,\n",
       "         7.01292634,  7.28175096,  7.40182643,  6.78642074,  6.40053324,\n",
       "         6.46938477, 10.06841716,  0.        ,  7.12596657, 11.94416578,\n",
       "         9.2297936 ,  8.28454604,  8.78118713, 10.82037523,  4.66582523,\n",
       "         9.49491751,  5.76379878,  9.24816579,  5.31393213],\n",
       "       [ 7.71443943, 10.22816084,  7.72642046,  8.07604183,  8.13789817,\n",
       "         6.44299207,  6.93109213,  7.01561644,  6.83878899,  7.39990468,\n",
       "         6.9435548 , 10.15455569,  7.12596657,  0.        , 11.13340151,\n",
       "         6.7624075 ,  8.42196754,  8.03402515, 10.27805069,  6.24875967,\n",
       "         9.65068632,  6.71337271,  7.53847893,  5.6113757 ],\n",
       "       [11.64639093, 13.07641214, 11.33337702, 11.23854838, 10.23083145,\n",
       "        10.93486919, 10.54164796, 11.04957628, 11.97972953, 11.8575322 ,\n",
       "        11.12802976, 12.37694887, 11.94416578, 11.13340151,  0.        ,\n",
       "        10.17292136, 11.49675102, 11.4240849 , 11.60728867, 12.28355279,\n",
       "        10.79841475, 11.66285898, 10.54450082, 11.50219675],\n",
       "       [ 8.1194211 , 11.21862156,  8.70955952, 10.32466484,  4.46184908,\n",
       "         8.18977914,  8.86352392,  8.71175546,  9.2761701 ,  9.31338005,\n",
       "         9.25283637, 10.64270356,  9.2297936 ,  6.7624075 , 10.17292136,\n",
       "         0.        , 10.18005788, 10.22069497,  9.85791081,  8.37729999,\n",
       "        10.3114844 ,  8.49668826,  3.87998867,  8.04071706],\n",
       "       [ 9.30236576,  9.33241963,  8.68586284,  8.51370913, 10.52116009,\n",
       "         6.21341788,  6.68939342,  5.53380784,  8.98333223,  8.4542697 ,\n",
       "         7.25367671,  8.2821814 ,  8.28454604,  8.42196754, 11.49675102,\n",
       "        10.18005788,  0.        ,  8.98487565, 12.43895418,  8.32122963,\n",
       "         9.1070277 ,  9.08872717, 10.07365932,  8.40268943],\n",
       "       [ 9.74328036,  9.00406153,  9.27632984, 10.17000021, 11.03516898,\n",
       "         8.04851057,  8.67502814,  8.13550354,  9.78557186,  8.09904291,\n",
       "         8.51503298,  9.23216915,  8.78118713,  8.03402515, 11.4240849 ,\n",
       "        10.22069497,  8.98487565,  0.        , 11.48619933,  9.08034623,\n",
       "         7.36315503,  9.21038054, 10.88165007,  9.36070768],\n",
       "       [10.71762098, 12.85532126,  9.4719962 , 11.90366492,  8.85082804,\n",
       "        11.0926987 , 11.01899903, 11.37914158, 11.15551472,  9.76502526,\n",
       "        11.23199348, 12.69127338, 10.82037523, 10.27805069, 11.60728867,\n",
       "         9.85791081, 12.43895418, 11.48619933,  0.        , 10.34990286,\n",
       "        10.47539955,  9.23089121,  8.59698323, 10.04390854],\n",
       "       [ 9.26204012, 10.18733826,  6.20006021,  5.63491752,  9.38703606,\n",
       "         6.25775735,  6.75778288,  6.54620624,  6.02376376,  5.86530348,\n",
       "         5.61295158, 10.93148624,  4.66582523,  6.24875967, 12.28355279,\n",
       "         8.37729999,  8.32122963,  9.08034623, 10.34990286,  0.        ,\n",
       "         9.47602087,  5.04154363,  8.27610304,  4.21598084],\n",
       "       [11.34941815, 10.74676148,  9.14814332, 10.23578967, 10.40451091,\n",
       "         6.55640942,  6.48556085,  6.61271374, 10.53093686,  9.53332717,\n",
       "         6.94919868, 10.21558311,  9.49491751,  9.65068632, 10.79841475,\n",
       "        10.3114844 ,  9.1070277 ,  7.36315503, 10.47539955,  9.47602087,\n",
       "         0.        ,  9.99016398, 10.05002853,  9.47963785],\n",
       "       [ 8.73914535, 10.05506824,  6.99398773,  6.42174345,  8.89268768,\n",
       "         6.93138083,  7.48243271,  7.01315765,  5.57871013,  5.87166581,\n",
       "         6.67290588, 10.85956373,  5.76379878,  6.71337271, 11.66285898,\n",
       "         8.49668826,  9.08872717,  9.21038054,  9.23089121,  5.04154363,\n",
       "         9.99016398,  0.        ,  8.13086273,  4.87236818],\n",
       "       [ 8.75253794, 11.42235985,  8.22431199,  9.96884366,  4.66447876,\n",
       "         8.54032946,  9.07136008,  8.65004754,  9.47213293,  9.37785719,\n",
       "         9.38404424, 10.58972552,  9.24816579,  7.53847893, 10.54450082,\n",
       "         3.87998867, 10.07365932, 10.88165007,  8.59698323,  8.27610304,\n",
       "        10.05002853,  8.13086273,  0.        ,  8.19540918],\n",
       "       [ 8.89418124, 10.43565287,  6.19096702,  5.76921856,  8.79028576,\n",
       "         5.61565806,  6.06353653,  6.40411831,  5.58449484,  6.72709592,\n",
       "         5.42927257, 10.42650915,  5.31393213,  5.6113757 , 11.50219675,\n",
       "         8.04071706,  8.40268943,  9.36070768, 10.04390854,  4.21598084,\n",
       "         9.47963785,  4.87236818,  8.19540918,  0.        ]])"
      ]
     },
     "execution_count": 54,
     "metadata": {},
     "output_type": "execute_result"
    }
   ],
   "source": [
    "D"
   ]
  },
  {
   "cell_type": "code",
   "execution_count": null,
   "metadata": {},
   "outputs": [],
   "source": []
  }
 ],
 "metadata": {
  "kernelspec": {
   "display_name": "Python 3",
   "language": "python",
   "name": "python3"
  },
  "language_info": {
   "codemirror_mode": {
    "name": "ipython",
    "version": 3
   },
   "file_extension": ".py",
   "mimetype": "text/x-python",
   "name": "python",
   "nbconvert_exporter": "python",
   "pygments_lexer": "ipython3",
   "version": "3.6.9"
  }
 },
 "nbformat": 4,
 "nbformat_minor": 4
}
